2.95835713889233
0.507513138523679
-2.11062805370484
1.12361817150104
-2.61165615542469
-0.313770304607798
1.95872807746972
-1.73713880502363
-0.175836895385393
-3.04717573837167
-1.81155919213272
1.31466306941617
-2.48615102719086
0.259866127046085
2.32741531020254
-0.625959825021916
-1.49463138096594
-0.00414418614787255
1.15338520599457
1.83652651595924
-0.924442297982768
1.61547866022111
-1.880185781101
1.289507997111
2.24511822255425
3.04395936940443
-1.27171992984508
-1.90639158302975
2.75407460654126
0.675045495576986
-2.11558275854523
1.2120255158511
0.0268837507397192
2.67730079777948
-0.0742083878827729
2.87907168318941
0.748811654966266
0.583704043012711
-2.37222394952289
1.08759608439723
-0.722449997996993
-1.55927587898473
1.48788260107698
-1.29901495584402
-2.95624856542715
0.13446373360175
-0.263747786596638
3.10398350416014
-2.96903311902401
-2.9923937881126
1.74443545251098
0.964821196366971
-0.53661815412499
-2.79047350213043
1.63320468977449
1.16368989657636
0.0559165216056229
1.04666209529989
-1.24213872454182
-2.20125253336576
1.76661684607652
-0.872722268505947
-0.497571630460997
-2.3967735406955